Control_010M-WING	0.81041	0.72924	0.74084	0.81556	0.64936	0.84391	0.66224	1.01656	0.71378	1.01140	0.87225	0.93925	1.04877	0.87483	1.03073	1.11705	0.98177	1.15571	1.18920	1.44302	1.06552	1.53064	1.92360	1.50487	1.98674	1.95968	1.81666	2.05889	1.09644	1.86820
Control_011F-WING	0.39039	1.69426	0.41873	1.57702	0.36075	1.48296	0.50505	1.36701	0.53855	1.41468	0.61972	1.59119	0.67126	1.77672	0.87870	1.58990	0.86968	1.52162	1.20982	1.47523	1.19565	1.31289	1.78317	1.96999	2.16067	1.72390	2.13104	1.52291	1.47652	1.10288
Control_012M-WING	0.61199	1.43014	0.63647	1.31289	0.57978	1.22399	0.72280	1.10417	0.75501	1.15571	0.80010	1.32062	0.87870	1.49198	1.05134	1.31418	1.04361	1.25105	1.38633	1.20853	1.37345	1.04490	1.95839	1.69813	2.31528	1.45333	2.28307	1.25749	1.65046	0.84262
Control_013M-WING	0.65065	1.36443	0.70218	1.26651	0.67513	1.17761	0.84262	1.10417	0.86066	1.15442	0.87483	1.32449	0.89158	1.50487	1.10417	1.38376	1.11705	1.32449	1.43658	1.36701	1.44560	1.21497	1.81151	1.95324	2.24571	1.83084	2.25344	1.63886	1.77801	1.10159
Control_015M-WING	1.82311	1.42241	1.76513	1.32578	1.78445	1.22786	1.62727	1.16730	1.61696	1.22013	1.60150	1.39149	1.60408	1.56800	1.39149	1.45462	1.37731	1.39793	1.06681	1.44947	1.02429	1.30903	0.69832	2.06662	0.29762	1.95195	0.26541	1.75869	0.70991	1.20338
Control_017F-WING	0.94569	0.53727	0.86581	0.62101	0.75758	0.64163	0.74857	0.84004	0.81299	0.83618	1.00625	0.77562	1.19951	0.70991	1.17890	0.99337	1.11963	1.02300	1.33351	1.35541	1.19178	1.46493	2.15552	1.48039	2.21736	1.95710	2.02796	2.05502	1.22399	1.83470
Control_018M-WING	0.77433	0.79881	0.75630	0.90962	0.66482	0.95987	0.75114	1.10932	0.79753	1.08227	0.92508	0.96631	1.03717	0.83747	1.12221	1.05392	1.09257	1.10159	1.37603	1.27166	1.30903	1.39406	2.05631	1.03202	2.29724	1.40308	2.18515	1.55769	1.49327	1.68009
Control_019M-WING	1.81924	1.36958	1.76513	1.27682	1.77544	1.17374	1.60021	1.12350	1.58733	1.17632	1.58733	1.35799	1.59377	1.53837	1.37087	1.44173	1.35026	1.38504	1.02944	1.47008	0.98048	1.33093	0.69316	2.13104	0.23706	2.03698	0.20872	1.84114	0.63390	1.26136
Control_001M-WING	0.39554	1.04748	0.45996	0.95987	0.44321	0.86324	0.60813	0.81685	0.62101	0.87097	0.61199	1.04490	0.59267	1.21368	0.81685	1.13251	0.83618	1.07582	1.16859	1.17890	1.20209	1.03717	1.44431	1.82053	1.89139	1.75096	1.93005	1.55640	1.51646	0.96373
Control_020F-WING	0.71507	0.72795	0.65580	0.82845	0.55401	0.87612	0.60297	1.06809	0.66095	1.04877	0.82201	0.94569	0.98563	0.84262	1.02686	1.10932	0.98563	1.15313	1.26909	1.42112	1.15571	1.53965	2.04600	1.35670	2.21736	1.79218	2.07564	1.92876	1.28197	1.89526
Control_021F-WING	0.65709	1.83986	0.62874	1.70715	0.52567	1.64015	0.62874	1.43787	0.68543	1.47781	0.80268	1.62727	0.97662	1.76513	1.07325	1.50744	1.04490	1.43272	1.35155	1.23945	1.26909	1.07711	2.11815	1.44689	2.35651	1.06165	2.25473	0.89158	1.45977	0.76016
Control_022F-WING	0.58751	1.20209	0.66095	1.12092	0.64420	1.00883	0.83231	0.98435	0.83876	1.03588	0.81685	1.21240	0.78206	1.39149	1.02300	1.30774	1.04233	1.25105	1.37474	1.35928	1.40952	1.20982	1.63113	2.05889	2.07177	2.02281	2.13490	1.82955	1.77028	1.16472
Control_023F-WING	0.55788	1.79863	0.53082	1.66978	0.43935	1.59248	0.53855	1.41210	0.59653	1.44560	0.74084	1.59892	0.86968	1.76642	1.01140	1.49843	0.97533	1.43529	1.31032	1.25491	1.23043	1.08613	2.12975	1.53579	2.42093	1.14669	2.31399	0.95729	1.45720	0.75243
Control_024F-WING	1.32707	0.57978	1.21368	0.64420	1.10288	0.63390	1.02300	0.81299	1.08871	0.82845	1.28326	0.84906	1.49843	0.84906	1.37474	1.10932	1.30516	1.12994	1.38633	1.51260	1.20467	1.55125	2.12588	1.96354	1.98158	2.42351	1.76255	2.44799	1.09257	1.92747
Control_025M-WING	0.69574	1.87722	0.66482	1.77157	0.58365	1.70844	0.66224	1.54996	0.71507	1.58346	0.83876	1.70200	0.97146	1.83084	1.05263	1.60279	1.02429	1.54739	1.30130	1.36958	1.22528	1.24718	2.01379	1.57960	2.25859	1.19178	2.15165	1.04490	1.41725	0.93539
Control_027M-WING	0.50892	1.45591	0.54500	1.34897	0.49732	1.25878	0.65065	1.16086	0.66868	1.21240	0.70347	1.37474	0.76403	1.55512	0.94312	1.39535	0.94698	1.34124	1.30903	1.33093	1.31289	1.17761	1.75740	1.86949	2.17742	1.66721	2.16840	1.47910	1.60794	1.01011
Control_028M-WING	0.91606	0.56046	0.82974	0.63776	0.72795	0.63519	0.70734	0.81170	0.76532	0.81556	0.93410	0.78851	1.10675	0.74985	1.05263	0.98563	1.00238	1.01527	1.14282	1.33093	0.99465	1.39406	1.83857	1.55512	1.81409	2.01250	1.62727	2.07306	0.96244	1.72390
Control_029M-WING	0.44063	1.31676	0.48057	1.21497	0.44836	1.10803	0.62230	1.02429	0.64292	1.07840	0.66611	1.25620	0.69961	1.44431	0.92250	1.30645	0.93667	1.24074	1.27811	1.26393	1.30001	1.09773	1.71101	1.83728	2.15423	1.66721	2.15165	1.46621	1.60150	0.95987
Control_002F-WING	0.43290	0.96115	0.50892	0.86195	0.49217	0.74212	0.69961	0.68028	0.71120	0.75372	0.69188	0.94441	0.68543	1.15828	0.95342	1.06423	0.98177	0.99852	1.34124	1.11577	1.40566	0.94956	1.66978	1.85661	2.13362	1.80378	2.19675	1.60665	1.76255	0.88643
Control_030M-WING	0.59524	1.71230	0.58751	1.60279	0.51665	1.52806	0.63390	1.38891	0.67513	1.43014	0.77305	1.57444	0.87870	1.72905	1.02300	1.52548	0.99465	1.46364	1.33480	1.34510	1.26780	1.19565	1.97772	1.68525	2.28823	1.34639	2.19288	1.16988	1.49456	0.94827
Control_031M-WING	0.69961	1.68138	0.67641	1.58475	0.59653	1.51775	0.68543	1.37345	0.72795	1.40695	0.83360	1.52935	0.94827	1.66334	1.04233	1.45075	1.02171	1.39406	1.31805	1.24074	1.23559	1.11061	1.95581	1.48812	2.20190	1.12092	2.08466	0.95987	1.40179	0.83360
Control_032M-WING	0.42260	1.41468	0.46254	1.31547	0.42388	1.22270	0.57721	1.13380	0.59782	1.18663	0.63003	1.35541	0.65451	1.52548	0.85679	1.39664	0.86452	1.33480	1.20724	1.36056	1.21497	1.20853	1.62984	1.93005	2.05631	1.76770	2.04987	1.56800	1.51775	1.06294
Control_033F-WING	0.76918	2.06533	0.69188	1.98158	0.58236	1.94937	0.58107	1.75224	0.65065	1.75611	0.83360	1.82697	1.02815	1.90170	1.02429	1.61696	0.96502	1.57573	1.18534	1.25749	1.04361	1.14153	2.00477	1.15828	2.07950	0.68414	1.89912	0.57205	1.09644	0.77176
Control_034M-WING	0.56561	1.63886	0.58365	1.52162	0.52953	1.43787	0.66611	1.31805	0.69961	1.36443	0.77562	1.52162	0.84649	1.68911	1.02042	1.50744	1.00883	1.44431	1.33995	1.37345	1.32320	1.21884	1.91974	1.81280	2.28178	1.53192	2.21736	1.34253	1.57187	1.01011
Control_035F-WING	0.55401	1.03717	0.62488	0.92894	0.61844	0.80397	0.82458	0.74985	0.83231	0.82072	0.80912	1.01785	0.79624	1.22399	1.05263	1.12994	1.07711	1.06294	1.41725	1.17761	1.48554	1.01527	1.76899	1.93133	2.22509	1.86562	2.29209	1.68911	1.89397	0.96889
Control_036M-WING	0.77562	1.42885	0.80268	1.32320	0.76274	1.22915	0.91348	1.12994	0.94312	1.18147	0.99465	1.34897	1.05006	1.52806	1.23559	1.36443	1.23816	1.30387	1.56413	1.28841	1.58346	1.13380	2.09496	1.83986	2.47376	1.62469	2.45314	1.41597	1.86047	0.96115
Control_037F-WING	0.47027	1.48554	0.49217	1.37087	0.43806	1.26651	0.59782	1.13896	0.63905	1.20080	0.69188	1.38504	0.77047	1.58217	0.98950	1.40695	0.98692	1.33093	1.36314	1.30516	1.37474	1.11963	1.97385	1.88882	2.39903	1.66334	2.38099	1.44045	1.68782	0.92379
Control_038F-WING	0.57978	1.15571	0.64678	1.04748	0.62745	0.92508	0.82716	0.86195	0.83876	0.93023	0.84649	1.13380	0.83102	1.34510	1.10932	1.24590	1.12865	1.17890	1.49327	1.28326	1.55254	1.10803	1.90685	2.04085	2.37584	1.93391	2.41964	1.72261	1.93906	1.02429
Control_039M-WING	0.60684	1.66978	0.61972	1.56671	0.56175	1.48554	0.68286	1.37087	0.71378	1.41081	0.79237	1.56156	0.85679	1.72905	1.01269	1.54481	1.00367	1.48554	1.32707	1.42241	1.31160	1.27553	1.90170	1.84630	2.26375	1.56929	2.19288	1.38762	1.56800	1.06423
Control_003M-WING	0.75114	1.86949	0.72666	1.75224	0.63905	1.68653	0.72537	1.52291	0.77562	1.55769	0.89158	1.68525	1.02815	1.82182	1.13123	1.58346	1.10159	1.52806	1.39149	1.35283	1.31547	1.21884	2.07692	1.57702	2.32945	1.20209	2.20963	1.03588	1.49069	0.92766
Control_040F-WING	1.31289	0.65838	1.19822	0.70347	1.09257	0.66740	1.01011	0.83618	1.06552	0.86324	1.24461	0.89545	1.43787	0.93023	1.30516	1.15828	1.23945	1.16472	1.27811	1.53579	1.11061	1.55512	1.92876	2.04729	1.75997	2.48149	1.55125	2.47118	0.97146	1.89139
Control_041M-WING	0.58107	1.45462	0.62230	1.35541	0.59653	1.25234	0.76274	1.17503	0.78593	1.23043	0.81299	1.40952	0.82845	1.59248	1.03202	1.45591	1.04619	1.39664	1.39664	1.43400	1.41983	1.28455	1.81022	2.04085	2.24957	1.88882	2.26246	1.69684	1.74580	1.15184
Control_042M-WING	1.20724	0.48959	1.10932	0.53469	1.01140	0.49861	0.93410	0.66868	0.98692	0.68414	1.16215	0.70476	1.34124	0.72022	1.21626	0.93152	1.15571	0.93925	1.20338	1.29357	1.04748	1.30387	1.80120	1.71488	1.64015	2.12588	1.44431	2.12202	0.92121	1.59763
Control_043M-WING	0.78851	1.85661	0.88900	1.90428	0.92766	1.99704	1.10546	1.96226	1.08484	1.90557	0.99594	1.75353	0.89287	1.59763	1.13638	1.57187	1.18405	1.60923	1.43272	1.36443	1.55512	1.46364	1.37603	0.61328	1.79476	0.46898	1.93391	0.61199	1.88882	1.35541
Control_044M-WING	0.82458	1.93005	0.76532	1.83470	0.67770	1.78703	0.71636	1.61309	0.77176	1.64015	0.92508	1.71488	1.07325	1.81666	1.08742	1.57058	1.04877	1.52935	1.28712	1.27811	1.18534	1.17246	2.04085	1.30774	2.15552	0.89029	1.99189	0.76789	1.27682	0.84906
Control_045F-WING	0.56046	1.03459	0.64163	0.93796	0.63905	0.82587	0.84133	0.78335	0.84777	0.85422	0.81428	1.04104	0.78464	1.24718	1.05392	1.17117	1.07454	1.10546	1.42627	1.23688	1.48039	1.07196	1.75740	2.04085	2.23154	1.99318	2.29596	1.79218	1.89655	1.04104
Control_046M-WING	1.89268	1.00625	1.79218	0.95085	1.77801	0.84391	1.60279	0.85937	1.60923	0.91606	1.68138	1.06809	1.75353	1.24590	1.50744	1.23559	1.47008	1.18663	1.21368	1.37474	1.11190	1.26909	1.11190	2.12846	0.68801	2.17871	0.58751	2.02023	0.77176	1.32062
Control_047F-WING	2.15294	1.97514	2.20319	1.85403	2.30626	1.79605	2.24055	1.59248	2.18000	1.62469	2.01250	1.74709	1.85145	1.88624	1.77415	1.60794	1.82311	1.54739	1.49843	1.30001	1.62340	1.16988	0.67126	1.44689	0.46898	1.00754	0.60684	0.84777	1.46364	0.81299
Control_048M-WING	0.57592	1.29614	0.62745	1.19565	0.60169	1.09515	0.75758	1.01785	0.77433	1.07196	0.79753	1.24461	0.81943	1.43529	1.03459	1.30516	1.04877	1.24461	1.38633	1.28712	1.39922	1.13509	1.81280	1.89526	2.24700	1.75353	2.24571	1.54610	1.73034	1.01785
Control_049M-WING	0.69059	1.55254	0.77820	1.62082	0.77176	1.73163	0.96889	1.73678	0.96502	1.67880	0.93539	1.49456	0.86839	1.33093	1.12865	1.35799	1.16344	1.40824	1.45075	1.25878	1.52548	1.39664	1.62984	0.54242	2.09110	0.53984	2.16325	0.71507	1.86305	1.40566
Control_004M-WING	0.61199	1.24718	0.63390	1.15313	0.59782	1.06809	0.73439	0.97017	0.76016	1.01527	0.80397	1.16859	0.86066	1.32835	1.04748	1.18792	1.05006	1.12865	1.34897	1.11061	1.34639	0.96115	1.80378	1.59763	2.19804	1.39535	2.17098	1.21111	1.62340	0.79495
Control_050M-WING	1.10932	1.92747	1.03073	1.84887	0.92637	1.83470	0.90833	1.65304	0.96760	1.65561	1.13896	1.69813	1.33093	1.73936	1.27424	1.49327	1.21497	1.46750	1.37989	1.13896	1.24203	1.07067	2.12588	0.95085	2.12202	0.49990	1.93391	0.42260	1.23043	0.72151
Control_051M-WING	1.96741	1.87464	1.86176	1.92489	1.82568	2.02796	1.64402	1.98416	1.66463	1.92618	1.75611	1.76642	1.85403	1.61696	1.61052	1.58475	1.56542	1.62727	1.32578	1.39535	1.20209	1.49198	1.36056	0.64549	0.93539	0.49475	0.80526	0.65065	0.87741	1.39149
Control_052F-WING	0.84133	1.97127	0.77176	1.86305	0.65451	1.81924	0.69059	1.61438	0.76016	1.63242	0.92250	1.73807	1.11963	1.82826	1.15571	1.53837	1.10159	1.49069	1.33995	1.21497	1.21755	1.08871	2.19546	1.17761	2.31786	0.73182	2.15036	0.59524	1.30516	0.72280
Control_053F-WING	0.72924	2.01508	0.68414	1.89268	0.60169	1.83470	0.64292	1.64015	0.70605	1.67236	0.86452	1.78317	1.03202	1.90557	1.09129	1.63113	1.04877	1.57573	1.35283	1.31934	1.23301	1.18276	2.18000	1.43272	2.38615	0.98435	2.23154	0.83231	1.38118	0.83618
Control_054F-WING	2.08337	1.10030	2.06533	1.23043	2.13104	1.32449	1.97772	1.46621	1.93520	1.41854	1.86305	1.23430	1.78188	1.04877	1.59248	1.25491	1.60279	1.32320	1.21497	1.39922	1.23559	1.56671	0.56175	0.91477	0.18037	1.18663	0.22160	1.40566	0.94956	1.80893
Control_055F-WING	0.53598	1.04748	0.60942	0.94054	0.58880	0.82974	0.77949	0.77176	0.79366	0.83231	0.78593	1.01656	0.78335	1.21755	1.02815	1.11319	1.04877	1.04490	1.39922	1.12092	1.43916	0.96760	1.81666	1.81151	2.24828	1.70586	2.28951	1.51002	1.79218	0.87612
Control_057F-WING	1.29614	2.21221	1.19694	2.14263	1.08871	2.14263	1.04233	1.93778	1.11319	1.93520	1.29486	1.96354	1.50100	1.97643	1.42885	1.70844	1.36572	1.68396	1.51389	1.32835	1.35155	1.26393	2.30884	1.01913	2.26632	0.55015	2.07950	0.49217	1.31934	0.89416
Control_058M-WING	0.56046	1.14411	0.57076	1.24718	0.51923	1.32578	0.63519	1.45333	0.66482	1.40566	0.73826	1.26007	0.82974	1.09644	0.97275	1.28068	0.95729	1.34253	1.29228	1.41854	1.27295	1.55898	1.86691	1.00496	2.23540	1.29743	2.16454	1.49069	1.51517	1.79347
Control_061F-WING	0.49604	1.25620	0.56046	1.13767	0.52696	1.02558	0.72022	0.93410	0.73697	1.00496	0.75630	1.20209	0.76918	1.40437	1.03073	1.28197	1.04490	1.20982	1.42885	1.27166	1.47137	1.08742	1.90299	1.97514	2.37455	1.83599	2.39259	1.61438	1.83470	0.96889
Control_064M-WING	0.57205	1.08355	0.64034	0.99981	0.63776	0.89416	0.81428	0.85422	0.81943	0.91091	0.79881	1.09000	0.77047	1.26522	1.02558	1.20338	1.04748	1.14669	1.34639	1.23688	1.38891	1.09644	1.62340	1.90041	2.07692	1.83084	2.11558	1.64402	1.73421	1.04104
Control_069M-WING	0.90060	1.88495	0.82329	1.79218	0.72924	1.75869	0.73955	1.58088	0.80010	1.59248	0.95471	1.66334	1.12736	1.73807	1.12350	1.48941	1.07582	1.45075	1.27811	1.17503	1.14926	1.09257	1.97901	1.12607	2.07177	0.67770	1.90685	0.57205	1.19049	0.75887
Control_006M-WING	2.21479	1.68653	2.23798	1.57702	2.29982	1.50487	2.20963	1.35026	2.16067	1.38633	2.05889	1.52548	1.93649	1.66721	1.81151	1.44173	1.83857	1.38376	1.53965	1.23559	1.60021	1.09773	0.81943	1.51904	0.55788	1.16988	0.65709	0.99079	1.40179	0.81943
Control_071F-WING	0.67126	1.73292	0.65065	1.60408	0.55144	1.54223	0.64163	1.34897	0.69832	1.39149	0.82201	1.53192	0.97662	1.68396	1.07711	1.41983	1.03975	1.35670	1.34897	1.16472	1.28326	0.99852	2.11300	1.40824	2.37455	1.02429	2.26246	0.85293	1.47395	0.68930
Control_007M-WING	1.97901	1.43916	1.97385	1.33093	2.02796	1.24332	1.89912	1.11061	1.86047	1.15828	1.79090	1.31934	1.70328	1.48812	1.53579	1.29357	1.55383	1.23430	1.23816	1.15957	1.25620	1.00625	0.59138	1.58861	0.25897	1.30259	0.31308	1.11190	0.98950	0.77433
Control_080F-WING	2.05373	1.50744	2.03054	1.37989	2.08723	1.27682	1.92747	1.13509	1.88624	1.19307	1.82955	1.37731	1.75353	1.57444	1.54610	1.37603	1.55254	1.30001	1.19436	1.24718	1.19822	1.06809	0.57334	1.75482	0.19970	1.49198	0.23706	1.29357	0.89545	0.85679
Control_081F-WING	0.55273	1.22786	0.61715	1.11319	0.60813	1.00496	0.79753	0.91864	0.81943	0.98950	0.81299	1.18920	0.82201	1.40308	1.08742	1.28970	1.10803	1.22142	1.49714	1.30774	1.53965	1.12994	1.89526	2.04858	2.39130	1.94808	2.43511	1.74451	1.92618	1.03588
Control_008M-WING	0.83102	2.08466	0.78980	1.97643	0.70089	1.92747	0.74985	1.74967	0.80397	1.77801	0.94183	1.88882	1.09644	1.99575	1.14926	1.75096	1.10803	1.69942	1.34510	1.48812	1.26007	1.36185	2.11300	1.57187	2.27405	1.15828	2.13748	1.02815	1.39020	1.03975
Control_009M-WING	2.14650	1.15828	2.07950	1.06294	2.09110	0.95987	1.91201	0.90189	1.90943	0.96373	1.91072	1.14411	1.92231	1.32449	1.69040	1.23043	1.68009	1.17117	1.33222	1.26909	1.30001	1.11834	1.01785	1.92876	0.59653	1.84630	0.55273	1.65304	0.97919	1.03975
Hypoxia_100M-WING	0.63339	1.30162	0.68370	1.22164	0.67596	1.13133	0.82044	1.09521	0.82689	1.13907	0.83076	1.29646	0.80754	1.44610	1.00749	1.37128	1.02942	1.31968	1.31323	1.39708	1.34548	1.26421	1.56865	1.98274	1.98274	1.91308	2.03563	1.72861	1.65121	1.18939
Hypoxia_101M-WING	1.71958	1.97371	1.63702	2.01112	1.58800	2.08078	1.44997	2.01112	1.47190	1.97629	1.56607	1.86535	1.66024	1.76086	1.46416	1.67830	1.41772	1.70281	1.25389	1.47835	1.15198	1.54930	1.41643	0.89526	1.06683	0.69789	0.93267	0.80109	0.88236	1.41385
Hypoxia_102F-WING	0.67209	1.16875	0.73401	1.08876	0.73788	1.00104	0.90042	0.96621	0.90300	1.01265	0.89268	1.18423	0.88623	1.36354	1.10295	1.29001	1.12746	1.23454	1.43062	1.35064	1.48996	1.21777	1.72087	2.04466	2.16334	2.01241	2.22397	1.82407	1.84987	1.18294
Hypoxia_103F-WING	1.96339	1.46416	1.93243	1.56091	1.95049	1.64476	1.81246	1.72216	1.79569	1.67443	1.76344	1.51318	1.72990	1.35322	1.55704	1.46932	1.54672	1.52995	1.22680	1.50544	1.22422	1.64863	0.83592	0.95976	0.41925	1.09908	0.41796	1.28872	0.90816	1.78537
Hypoxia_106M-WING	1.81891	1.81246	1.74280	1.86277	1.71958	1.93114	1.58542	1.91308	1.59445	1.87567	1.64863	1.74409	1.71055	1.62412	1.52608	1.61638	1.48996	1.65121	1.28614	1.47835	1.21648	1.56994	1.28614	0.90300	0.91590	0.79077	0.81786	0.91461	0.93396	1.50931
Hypoxia_107M-WING	0.84237	0.99975	0.80496	1.07457	0.73272	1.10037	0.78045	1.23325	0.81786	1.21648	0.92751	1.14940	1.04619	1.08876	1.07199	1.25260	1.05006	1.29001	1.23841	1.44997	1.16488	1.52479	1.77634	1.41643	1.95049	1.75183	1.80988	1.84729	1.26421	1.79569
Hypoxia_108F-WING	1.23196	0.80109	1.13520	0.84237	1.05264	0.83205	0.98814	0.97266	1.03587	0.98556	1.18423	1.00491	1.32484	1.00620	1.22938	1.22035	1.18165	1.23454	1.21906	1.50673	1.09392	1.49125	1.71829	1.86019	1.62928	2.24590	1.44481	2.25880	0.97008	1.81891
Hypoxia_108M-WING	1.10166	0.84753	1.03458	0.89526	0.95589	0.88881	0.93009	1.03458	0.97137	1.03587	1.11327	1.03845	1.25389	1.02942	1.18552	1.19455	1.14940	1.21648	1.24357	1.47319	1.14811	1.51318	1.77763	1.68733	1.77118	2.10142	1.60993	2.13754	1.10940	1.80859
Hypoxia_109F-WING	1.64218	2.01241	1.53898	2.02660	1.47964	2.09497	1.34290	1.99951	1.37515	1.95952	1.50157	1.88470	1.62025	1.75570	1.44094	1.64863	1.38418	1.66153	1.26679	1.38289	1.14681	1.44352	1.55317	0.76884	1.24615	0.47601	1.08231	0.55083	0.87849	1.22293
Hypoxia_010M-WING	1.23196	0.68241	1.31968	0.71724	1.39192	0.68628	1.47190	0.81270	1.43320	0.83205	1.28356	0.87333	1.13004	0.91590	1.26292	1.06296	1.31581	1.06683	1.31581	1.37515	1.44610	1.38289	0.84108	1.76731	1.02942	2.14915	1.20616	2.12851	1.58284	1.64863
Hypoxia_110M-WING	0.93267	0.89010	1.03200	0.87204	1.07457	0.81012	1.20616	0.87720	1.18294	0.90945	1.07715	1.01781	0.96105	1.10037	1.15069	1.18165	1.19842	1.15714	1.33645	1.39450	1.44610	1.34677	1.15069	1.95307	1.47190	2.18914	1.60219	2.08594	1.68862	1.50673
Hypoxia_111F-WING	1.90921	1.26937	1.85374	1.20100	1.85245	1.11456	1.70539	1.08747	1.70410	1.13133	1.71313	1.29001	1.75183	1.42030	1.54801	1.37386	1.51447	1.32613	1.26550	1.41643	1.21906	1.30807	1.11972	1.96726	0.67338	1.96984	0.62694	1.80085	0.92364	1.26937
Hypoxia_112M-WING	0.72756	1.23712	0.72885	1.32355	0.68112	1.39192	0.78561	1.49254	0.81657	1.45771	0.88881	1.33129	0.95847	1.20487	1.07844	1.35193	1.06812	1.40353	1.35064	1.47190	1.31968	1.58413	1.80859	1.10940	2.13883	1.36870	2.08465	1.52737	1.53640	1.78021
Hypoxia_113M-WING	1.47835	0.85785	1.54543	0.92106	1.62412	0.91977	1.64605	1.06425	1.60090	1.06941	1.45642	1.05006	1.31581	1.01910	1.37515	1.19713	1.42288	1.22164	1.31968	1.48738	1.42933	1.54414	0.77271	1.63057	0.79464	2.03950	0.94815	2.09626	1.46932	1.80472
Hypoxia_114M-WING	0.83721	1.03587	0.90429	0.99588	0.93396	0.92364	1.06812	0.94815	1.05651	0.98298	0.99588	1.11198	0.92880	1.23067	1.11198	1.23970	1.14294	1.21390	1.33645	1.38805	1.41514	1.31839	1.31323	1.95049	1.68217	2.08852	1.77376	1.96468	1.69249	1.39450
Hypoxia_116F-WING	0.62049	1.73377	0.61146	1.63315	0.56244	1.56478	0.65532	1.42675	0.69015	1.46416	0.78690	1.60348	0.90429	1.74796	1.00104	1.55188	0.98298	1.49383	1.29775	1.38160	1.24357	1.25260	1.92340	1.72603	2.24332	1.41256	2.17108	1.24486	1.48351	1.00104
Hypoxia_118F-WING	1.20100	2.04724	1.10940	1.99177	1.02684	1.99822	0.97266	1.85245	1.02426	1.84084	1.17907	1.84213	1.33129	1.84084	1.25647	1.64347	1.19842	1.62541	1.27324	1.32355	1.14294	1.29646	1.85374	1.03974	1.80085	0.62307	1.62025	0.58824	1.06554	0.97008
Hypoxia_119M-WING	0.94686	0.90816	0.90171	0.98298	0.83205	1.01265	0.84624	1.14811	0.88236	1.13649	1.01523	1.07844	1.14552	1.01781	1.13907	1.20229	1.10811	1.23454	1.29388	1.45126	1.21003	1.53253	1.88083	1.43965	1.98532	1.82665	1.85632	1.92598	1.26550	1.80859
Hypoxia_011F-WING	0.58308	1.52350	0.60630	1.42417	0.55470	1.34161	0.67983	1.22422	0.70950	1.27066	0.78561	1.42933	0.84366	1.58929	1.01136	1.41901	1.00491	1.35451	1.32613	1.29517	1.30936	1.14811	1.85761	1.72732	2.22010	1.46803	2.17495	1.28227	1.55833	0.94428
Hypoxia_120F-WING	1.99693	1.27324	1.98790	1.37128	2.03047	1.45126	1.90534	1.56607	1.87438	1.52092	1.80601	1.37128	1.73248	1.22164	1.57510	1.37773	1.57639	1.44094	1.28098	1.49125	1.27582	1.63315	0.74433	1.04619	0.34959	1.27711	0.39087	1.45513	1.01394	1.82020
Hypoxia_121M-WING	0.86301	0.93654	0.94944	0.90945	0.99072	0.84624	1.12617	0.87978	1.10940	0.91977	1.02426	1.05522	0.93525	1.17133	1.13004	1.20745	1.17778	1.18423	1.34935	1.39192	1.45384	1.32484	1.23067	1.98919	1.60477	2.18656	1.72990	2.06014	1.72216	1.43965
Hypoxia_122M-WING	1.15069	0.84495	1.23712	0.86301	1.31065	0.82818	1.40869	0.94299	1.36741	0.96621	1.22938	1.03071	1.08876	1.06941	1.23583	1.21390	1.29001	1.21132	1.33258	1.51834	1.45771	1.50286	0.90300	1.95307	1.11585	2.31170	1.28872	2.28202	1.63960	1.73248
Hypoxia_123M-WING	1.38031	0.85140	1.46287	0.90171	1.54156	0.89397	1.58542	1.02942	1.54414	1.04103	1.39063	1.05522	1.24744	1.05006	1.33258	1.21519	1.38289	1.24228	1.31581	1.53124	1.43320	1.56091	0.77916	1.78021	0.86043	2.19043	1.02684	2.21623	1.51705	1.83955
Hypoxia_125M-WING	1.01652	0.89397	0.96105	0.97008	0.87978	0.98040	0.87849	1.13262	0.92106	1.12746	1.07070	1.07973	1.21519	1.03200	1.19842	1.23325	1.15585	1.26937	1.31968	1.53382	1.21003	1.60477	1.92598	1.62025	1.96468	2.02660	1.81117	2.10400	1.21390	1.88599
Hypoxia_127M-WING	1.43320	0.86559	1.50673	0.90558	1.58026	0.90171	1.62025	1.02684	1.58542	1.03200	1.44223	1.04361	1.29904	1.05393	1.39192	1.19713	1.43191	1.21261	1.37128	1.46545	1.47577	1.49254	0.84624	1.72345	0.90687	2.11432	1.06554	2.14657	1.54285	1.78150
Hypoxia_129M-WING	1.38289	0.75078	1.29001	0.77400	1.21003	0.73917	1.12875	0.86946	1.17004	0.89010	1.31581	0.93783	1.46803	0.98685	1.33516	1.14811	1.27969	1.14294	1.26421	1.42546	1.14552	1.42288	1.72732	1.88341	1.52866	2.25106	1.35064	2.22913	0.97653	1.70797
Hypoxia_131F-WING	0.86559	1.97113	0.97524	2.00467	1.02168	2.09884	1.20100	2.01757	1.17004	1.97371	1.05393	1.84342	0.92751	1.72216	1.16101	1.64476	1.21648	1.67701	1.42804	1.39837	1.55317	1.48222	1.25905	0.71079	1.65508	0.50310	1.79698	0.63468	1.85374	1.32613
Hypoxia_132F-WING	0.93009	1.98532	0.86946	1.91437	0.79335	1.88341	0.79206	1.72990	0.83979	1.73764	0.99072	1.79311	1.15714	1.83568	1.13520	1.62025	1.08876	1.58155	1.25647	1.32355	1.14036	1.24873	1.94662	1.22680	2.00854	0.78561	1.83568	0.68886	1.18165	0.91848
Hypoxia_013M-WING	0.81915	0.89913	0.79206	0.99072	0.73401	1.03716	0.78045	1.16746	0.81786	1.14036	0.94170	1.05780	1.04748	0.96492	1.09521	1.15456	1.07070	1.19971	1.29001	1.37386	1.22293	1.45642	1.87309	1.24615	2.05369	1.60606	1.94791	1.72216	1.33645	1.73377
Hypoxia_014M-WING	1.66153	0.74304	1.56736	0.73659	1.50673	0.67983	1.37386	0.75852	1.40740	0.79464	1.52608	0.90300	1.64863	1.00362	1.46029	1.08876	1.40869	1.06812	1.28227	1.33387	1.14811	1.31194	1.55188	1.93501	1.21519	2.20978	1.05264	2.11690	0.90816	1.47835
Hypoxia_015M-WING	1.00491	1.88212	0.94557	1.80472	0.86430	1.79440	0.86172	1.64089	0.90300	1.64347	1.04490	1.69120	1.19068	1.74022	1.18165	1.52608	1.12875	1.49383	1.26937	1.24744	1.16359	1.19197	1.86277	1.15069	1.89115	0.75465	1.73506	0.66306	1.18165	0.88236
Hypoxia_017F-WING	0.56631	1.31452	0.59469	1.40869	0.58179	1.49383	0.73272	1.57123	0.75207	1.52608	0.77400	1.36225	0.80883	1.20100	0.99330	1.32097	1.00491	1.37902	1.33516	1.35322	1.36096	1.49383	1.75312	0.77013	2.18269	0.92106	2.19817	1.09263	1.67443	1.61509
Hypoxia_019F-WING	1.72732	1.92727	1.62283	1.95307	1.56091	2.02789	1.40869	1.95823	1.43707	1.91179	1.55059	1.78279	1.66798	1.66024	1.44739	1.57510	1.38934	1.59832	1.21777	1.33645	1.08618	1.41127	1.40611	0.67596	1.03716	0.41409	0.87849	0.52116	0.79335	1.23583
Hypoxia_001F-WING	1.94920	1.09263	1.88083	1.02039	1.88857	0.93396	1.72216	0.89913	1.72216	0.94428	1.73119	1.10940	1.75183	1.26421	1.54027	1.19971	1.50931	1.14165	1.19713	1.25905	1.14681	1.12875	0.98040	1.86793	0.57663	1.82794	0.51471	1.64992	0.83979	1.08360
Hypoxia_020M-WING	0.73014	0.93525	0.70950	1.03329	0.65790	1.08618	0.71724	1.22809	0.75336	1.19842	0.86688	1.09134	0.97395	0.98169	1.06038	1.17649	1.03458	1.22809	1.29259	1.38418	1.24357	1.51447	1.91953	1.17520	2.14786	1.52995	2.03692	1.67959	1.39966	1.77505
Hypoxia_021M-WING	1.48738	0.78948	1.56349	0.83721	1.64218	0.83334	1.67959	0.97524	1.64089	0.98298	1.49254	0.96879	1.34161	0.97911	1.41772	1.14811	1.46545	1.17133	1.37773	1.45771	1.49899	1.50157	0.80754	1.69507	0.87462	2.08852	1.03974	2.12851	1.55317	1.79053
Hypoxia_022F-WING	1.07070	0.74820	0.99201	0.82044	0.90429	0.82044	0.88236	0.98298	0.92622	0.98427	1.09134	0.95589	1.24615	0.92622	1.19971	1.14294	1.15198	1.17520	1.28227	1.46416	1.15456	1.51189	1.92211	1.66153	1.93114	2.08465	1.75699	2.14786	1.14036	1.86148
Hypoxia_023M-WING	1.55446	1.88083	1.46029	1.88212	1.39708	1.92985	1.28872	1.83310	1.31839	1.80343	1.44094	1.71700	1.57123	1.64734	1.40224	1.54156	1.35193	1.55317	1.25518	1.26808	1.14036	1.30162	1.57381	0.75465	1.30807	0.46053	1.15972	0.50955	0.91203	1.10424
Hypoxia_024F-WING	1.50028	1.94533	1.56865	1.88341	1.66282	1.88728	1.68733	1.71700	1.63702	1.71313	1.47706	1.74280	1.30549	1.75054	1.36741	1.52608	1.41772	1.50028	1.29388	1.19713	1.43191	1.15456	0.63984	0.97653	0.66693	0.55470	0.83592	0.49149	1.45771	0.81399
Hypoxia_026F-WING	1.16101	0.68757	1.25260	0.71466	1.33645	0.68370	1.42546	0.81786	1.38160	0.83592	1.22809	0.86301	1.07457	0.93396	1.21906	1.09392	1.27453	1.09650	1.29646	1.41901	1.41256	1.42030	0.85527	1.86793	1.04361	2.23558	1.22035	2.21881	1.59316	1.71055
Hypoxia_027F-WING	0.62952	1.52221	0.67983	1.59961	0.68112	1.68862	0.85269	1.71700	0.85785	1.66540	0.84108	1.50931	0.84495	1.33129	1.03716	1.41643	1.06167	1.47190	1.39063	1.35064	1.44094	1.48738	1.59961	0.71853	2.03434	0.77400	2.08594	0.94428	1.74796	1.52866
Hypoxia_028M-WING	1.79569	0.94170	1.71958	0.89268	1.68088	0.82044	1.53253	0.85140	1.54285	0.88881	1.61638	1.03071	1.69249	1.17262	1.48351	1.18552	1.44223	1.14165	1.22551	1.33516	1.13778	1.24486	1.25131	1.96081	0.85398	2.07046	0.74304	1.92340	0.84237	1.31710
Hypoxia_029M-WING	1.55317	1.88599	1.61251	1.81633	1.68733	1.79440	1.69765	1.64863	1.65121	1.65508	1.50157	1.69249	1.36870	1.74796	1.38676	1.54672	1.43836	1.51705	1.28227	1.25131	1.39063	1.19842	0.69531	1.15585	0.65919	0.77142	0.81915	0.68757	1.38289	0.90300
Hypoxia_002M-WING	0.77400	1.67185	0.76239	1.59058	0.70692	1.53253	0.78819	1.40482	0.81915	1.43191	0.92106	1.54801	1.00362	1.65250	1.09263	1.47835	1.07328	1.42675	1.32097	1.30162	1.27324	1.19455	1.86277	1.53382	2.09110	1.22809	2.00854	1.07328	1.46545	0.94815
Hypoxia_030M-WING	0.74691	1.18681	0.80238	1.12488	0.79464	1.04748	0.92880	1.01652	0.93783	1.05522	0.93783	1.20229	0.93009	1.33774	1.09263	1.26163	1.10940	1.21390	1.36354	1.29130	1.39579	1.18423	1.59832	1.81117	1.97887	1.77247	2.01112	1.61767	1.67701	1.13520
Hypoxia_032M-WING	1.65508	1.79698	1.71442	1.72216	1.79698	1.70281	1.79440	1.55317	1.74796	1.55962	1.60477	1.60993	1.45384	1.65379	1.47706	1.45513	1.51189	1.42159	1.34032	1.16617	1.44481	1.10295	0.70563	1.09908	0.63339	0.70176	0.79077	0.61146	1.40095	0.77916
Hypoxia_033M-WING	1.80085	0.85527	1.84471	0.93783	1.92598	0.97266	1.88599	1.12230	1.83955	1.10424	1.72216	1.01394	1.58671	0.93912	1.54285	1.14681	1.57510	1.18423	1.36225	1.37902	1.44610	1.47319	0.73659	1.30678	0.56502	1.71700	0.70434	1.82794	1.32613	1.77634
Hypoxia_035F-WING	1.43191	2.02660	1.33129	2.02015	1.25260	2.04853	1.14294	1.92469	1.18810	1.89760	1.33774	1.84729	1.48222	1.76860	1.33645	1.61509	1.27711	1.61509	1.23970	1.28743	1.09908	1.30420	1.69249	0.80496	1.46029	0.42312	1.28227	0.45795	0.90945	1.01652
Hypoxia_036F-WING	0.67854	1.59961	0.73530	1.67185	0.75723	1.75441	0.91332	1.77634	0.91461	1.72603	0.88494	1.56865	0.87333	1.41772	1.07844	1.46158	1.10424	1.50673	1.38418	1.38289	1.44223	1.49125	1.57768	0.74175	2.00209	0.73143	2.06272	0.90429	1.76860	1.49383
Hypoxia_037F-WING	0.66822	1.13907	0.67596	1.23841	0.64371	1.31839	0.75723	1.43062	0.78819	1.38676	0.86817	1.23841	0.93396	1.11198	1.07070	1.25905	1.05522	1.32742	1.35967	1.39966	1.35451	1.53769	1.91566	0.99975	2.23429	1.25260	2.18785	1.42417	1.59316	1.73506
Hypoxia_038M-WING	1.28485	1.92727	1.19842	1.87954	1.11456	1.89373	1.05780	1.75312	1.10037	1.74280	1.25260	1.72474	1.39579	1.71829	1.31452	1.53511	1.25776	1.51576	1.29775	1.21648	1.17004	1.18681	1.81117	0.92880	1.70023	0.52116	1.52221	0.50826	1.07070	0.91203
Hypoxia_039M-WING	0.71982	1.12359	0.78561	1.05651	0.78432	0.97653	0.93009	0.94428	0.93525	0.98556	0.91719	1.14423	0.89526	1.29259	1.08618	1.22938	1.11069	1.18036	1.39063	1.29388	1.45126	1.17907	1.59187	1.90921	2.02015	1.88212	2.07691	1.71571	1.76473	1.15714
Hypoxia_003M-WING	0.82431	0.99201	0.90429	0.94428	0.93396	0.87978	1.07844	0.87978	1.06812	0.92622	1.00749	1.06554	0.93783	1.19068	1.13778	1.18939	1.18552	1.15198	1.41772	1.33000	1.48480	1.22293	1.41256	1.88857	1.80214	1.95823	1.88986	1.81762	1.75054	1.26292
Hypoxia_041M-WING	0.79206	1.78666	0.75852	1.70926	0.68886	1.66669	0.72885	1.52350	0.77142	1.54414	0.91590	1.62154	1.01007	1.72603	1.06038	1.52608	1.03200	1.47061	1.24744	1.30162	1.16101	1.21003	1.88857	1.40095	2.07175	1.02555	1.94533	0.90300	1.27969	0.92751
Hypoxia_042F-WING	1.72216	0.71337	1.78924	0.79851	1.88728	0.81657	1.86922	1.00878	1.81246	0.99459	1.65379	0.92751	1.50544	0.87978	1.49125	1.11069	1.53898	1.15327	1.35064	1.42159	1.45900	1.52221	0.63210	1.49512	0.54438	1.93759	0.69660	2.03047	1.38160	1.85245
Hypoxia_043F-WING	1.82794	1.65637	1.83697	1.56994	1.89373	1.50931	1.79956	1.37644	1.76086	1.41127	1.68088	1.54156	1.58026	1.65895	1.47964	1.48351	1.49770	1.42417	1.21390	1.32226	1.25260	1.19584	0.62436	1.62025	0.33282	1.32871	0.40506	1.17133	1.03458	0.95460
Hypoxia_044M-WING	1.84471	1.18294	1.83181	1.26421	1.88083	1.32355	1.76602	1.43062	1.74667	1.39321	1.68991	1.26163	1.61509	1.14036	1.47964	1.28356	1.48996	1.33387	1.21777	1.39450	1.23454	1.51060	0.74433	1.05135	0.42570	1.27969	0.47859	1.44094	0.99459	1.70926
Hypoxia_045M-WING	1.65250	1.94791	1.55059	1.95694	1.49125	2.01628	1.36354	1.92727	1.39192	1.88857	1.52221	1.80859	1.64605	1.70152	1.46287	1.60219	1.40611	1.61380	1.28743	1.36483	1.15456	1.39450	1.57123	0.78819	1.24486	0.51471	1.08231	0.59598	0.92364	1.21132
Hypoxia_046M-WING	1.93630	1.04361	1.92985	1.14294	1.99822	1.20100	1.89631	1.31839	1.86535	1.28485	1.78279	1.16230	1.71055	1.03458	1.59961	1.19584	1.61380	1.25002	1.30936	1.35451	1.35064	1.47706	0.80367	1.04103	0.50439	1.33516	0.57792	1.48093	1.16359	1.69249
Hypoxia_047F-WING	0.83721	1.75828	0.79722	1.67830	0.72369	1.63960	0.76626	1.49254	0.80754	1.51189	0.92622	1.59574	1.05522	1.66540	1.09521	1.46287	1.06038	1.42288	1.27453	1.21906	1.19584	1.11327	1.87180	1.30033	2.03434	0.91848	1.90405	0.81141	1.28614	0.84366
Hypoxia_048F-WING	0.68757	1.68733	0.76368	1.74925	0.78819	1.82794	0.94041	1.83955	0.93783	1.78279	0.89010	1.63315	0.84237	1.47448	1.07070	1.48609	1.10811	1.53124	1.37773	1.35838	1.46803	1.46674	1.45255	0.67983	1.88986	0.61533	1.98790	0.76110	1.80085	1.42933
Hypoxia_049M-WING	1.82278	1.58284	1.76602	1.64218	1.76344	1.71829	1.61122	1.74151	1.61122	1.69378	1.64218	1.55059	1.66669	1.40740	1.46545	1.44094	1.43836	1.49125	1.16875	1.36612	1.09908	1.47577	1.02942	0.77142	0.61662	0.75336	0.54180	0.91848	0.81141	1.48996
Hypoxia_004F-WING	1.64476	2.05240	1.54543	2.06014	1.47577	2.10658	1.33129	2.00467	1.37257	1.96210	1.51963	1.87051	1.64734	1.77892	1.46803	1.64089	1.40869	1.65121	1.30807	1.33774	1.17004	1.38160	1.67185	0.73788	1.38031	0.39216	1.20229	0.46182	0.91977	1.13133
Hypoxia_050F-WING	1.30420	1.97887	1.38805	1.95178	1.47190	1.96468	1.53769	1.81762	1.48996	1.80085	1.34290	1.78795	1.17907	1.76086	1.29130	1.57639	1.34935	1.56091	1.30549	1.26292	1.43965	1.22938	0.73917	0.89913	0.86043	0.49278	1.03845	0.47730	1.54414	0.93267
Hypoxia_053F-WING	1.07586	1.93372	1.00620	1.86535	0.91848	1.84600	0.91848	1.68088	0.96492	1.68862	1.12488	1.72861	1.27711	1.76989	1.25260	1.55962	1.20874	1.51447	1.37128	1.24228	1.26034	1.16101	2.05369	1.12359	2.10658	0.67983	1.94017	0.59469	1.29388	0.83205
Hypoxia_054M-WING	1.52608	0.87075	1.43320	0.87333	1.36870	0.82560	1.25518	0.92622	1.28872	0.95589	1.42159	1.03845	1.54672	1.11585	1.39192	1.22293	1.33903	1.21003	1.25260	1.50802	1.13649	1.47319	1.59703	2.00209	1.33258	2.31557	1.16359	2.25106	0.92364	1.68604
Hypoxia_056F-WING	1.77247	0.81270	1.67959	0.77658	1.62670	0.69402	1.45513	0.75207	1.47577	0.80367	1.58542	0.93912	1.69636	1.06941	1.47448	1.11198	1.41643	1.07070	1.18165	1.34935	1.05522	1.26421	1.30420	2.02144	0.89268	2.17624	0.76110	2.05240	0.75981	1.39708
Hypoxia_057M-WING	0.97524	1.93888	1.06167	1.96081	1.11972	2.01241	1.25002	1.94275	1.22809	1.90534	1.11585	1.79827	1.00362	1.68862	1.18810	1.61251	1.24357	1.63444	1.39708	1.35709	1.51189	1.40998	1.18036	0.78561	1.51963	0.55470	1.66540	0.64629	1.75957	1.27711
Hypoxia_058M-WING	1.06425	1.88083	0.99201	1.81891	0.91848	1.81762	0.88881	1.67701	0.93138	1.67443	1.07844	1.69378	1.21777	1.69507	1.16746	1.51834	1.12101	1.49512	1.22809	1.22422	1.11843	1.17391	1.80343	1.04748	1.78537	0.64629	1.62154	0.58824	1.07844	0.88623
Hypoxia_059M-WING	1.87696	1.70152	1.88083	1.61122	1.93630	1.56349	1.86535	1.43707	1.83697	1.46416	1.73893	1.57768	1.64347	1.68088	1.56478	1.50415	1.58929	1.46287	1.33129	1.32871	1.37902	1.21777	0.78690	1.56349	0.53019	1.24357	0.62952	1.10037	1.22035	0.98169
Hypoxia_005F-WING	0.50439	1.44997	0.53148	1.34806	0.51342	1.26421	0.64758	1.15843	0.66693	1.20745	0.71208	1.37386	0.77142	1.53511	0.93654	1.38934	0.94170	1.32226	1.30549	1.30549	1.28872	1.15585	1.78537	1.79440	2.16592	1.56607	2.14399	1.39321	1.56478	0.99588
Hypoxia_060F-WING	1.18423	0.71466	1.28227	0.76368	1.36999	0.71724	1.46416	0.85656	1.41643	0.87720	1.25002	0.91848	1.07715	0.96363	1.21777	1.13907	1.28614	1.14681	1.28098	1.49383	1.43965	1.50415	0.74562	1.89760	0.94428	2.30267	1.12488	2.30009	1.58671	1.76344
Hypoxia_061F-WING	0.69402	1.04232	0.69144	1.13778	0.62178	1.19713	0.72627	1.31710	0.75594	1.28872	0.83076	1.16101	0.94041	1.05651	1.03458	1.21132	1.01910	1.26163	1.29904	1.36612	1.27582	1.48996	1.86664	1.04748	2.15818	1.35709	2.09497	1.51060	1.47577	1.71958
Hypoxia_062F-WING	1.94662	1.69378	1.86535	1.76731	1.86148	1.86406	1.67701	1.86019	1.68217	1.81246	1.72603	1.64734	1.76086	1.48867	1.53898	1.50544	1.50157	1.55575	1.23454	1.40869	1.13649	1.52350	1.12488	0.73272	0.68112	0.68112	0.59340	0.84108	0.81657	1.49383
Hypoxia_063M-WING	0.72885	1.64089	0.72111	1.54930	0.67467	1.48738	0.76626	1.37128	0.79206	1.40611	0.87075	1.52737	0.95073	1.63960	1.06167	1.47448	1.04748	1.41901	1.33774	1.30420	1.30549	1.18552	1.84729	1.58155	2.11819	1.29388	2.04079	1.14036	1.48609	0.97008
Hypoxia_064M-WING	0.94041	1.88857	0.87075	1.82278	0.79980	1.79956	0.80109	1.66153	0.84753	1.66798	0.96750	1.71442	1.12101	1.73248	1.10166	1.54801	1.06038	1.52479	1.22422	1.26163	1.13778	1.18939	1.83181	1.15585	1.89373	0.75723	1.73119	0.68370	1.13520	0.89784
Hypoxia_065M-WING	1.37773	1.99435	1.29001	1.96210	1.21132	1.98919	1.13391	1.84987	1.17907	1.83439	1.31968	1.80343	1.44739	1.76473	1.34032	1.60348	1.29388	1.60090	1.29646	1.30807	1.17778	1.30033	1.74538	0.95460	1.59832	0.57147	1.41385	0.57405	1.03200	1.02297
Hypoxia_067M-WING	0.65403	1.44481	0.70692	1.36741	0.70692	1.28743	0.82818	1.23067	0.83979	1.27453	0.84753	1.42546	0.85527	1.56220	1.03200	1.48351	1.05006	1.42933	1.32742	1.47964	1.36612	1.35967	1.60606	2.02144	2.00596	1.92985	2.02273	1.75828	1.64089	1.28227
Hypoxia_068F-WING	1.26292	0.89139	1.34677	0.94815	1.42546	0.92493	1.49512	1.06038	1.44997	1.07070	1.29259	1.09263	1.13391	1.11585	1.24228	1.29001	1.30420	1.30033	1.26808	1.60606	1.39579	1.63702	0.71853	1.97242	0.85656	2.35814	1.02426	2.38136	1.50673	1.93888
Hypoxia_069F-WING	0.98943	2.07562	1.08618	2.06917	1.15972	2.10529	1.26937	2.00080	1.23325	1.96855	1.09005	1.91179	0.95073	1.82278	1.11327	1.67185	1.17004	1.68733	1.23841	1.39708	1.36225	1.44610	0.85398	0.86559	1.10811	0.54438	1.28614	0.58695	1.56994	1.18552
Hypoxia_006M-WING	1.33645	0.71079	1.41643	0.74820	1.48996	0.73917	1.55575	0.86817	1.51318	0.88365	1.36483	0.90300	1.21777	0.92880	1.32097	1.08618	1.37515	1.10166	1.33516	1.40224	1.45126	1.42159	0.81528	1.73119	0.94170	2.11045	1.10811	2.13367	1.56349	1.70281
Hypoxia_070F-WING	0.58695	1.78150	0.59985	1.66927	0.54051	1.60090	0.65016	1.47061	0.67725	1.50931	0.77013	1.65637	0.84366	1.80085	0.98556	1.61896	0.96750	1.55317	1.28743	1.44481	1.25002	1.30549	1.87825	1.80085	2.21107	1.50544	2.15044	1.32613	1.49641	1.06554
Hypoxia_071M-WING	1.16746	0.92364	1.08747	0.96492	1.00620	0.94944	0.95460	1.08876	0.99588	1.10037	1.14423	1.11198	1.28872	1.12359	1.19971	1.30162	1.15069	1.31710	1.19713	1.58800	1.08489	1.62154	1.72861	1.89889	1.63573	2.28460	1.46932	2.30654	1.00104	1.91695
Hypoxia_072F-WING	0.80754	0.91719	0.92493	0.91203	0.97911	0.82560	1.13649	0.90687	1.09908	0.95460	0.97395	1.07328	0.83979	1.17778	1.05264	1.28227	1.11456	1.25131	1.28614	1.57252	1.41385	1.48351	1.00620	2.18785	1.39966	2.46650	1.54285	2.36330	1.68475	1.66927
Hypoxia_073F-WING	1.15714	2.10271	1.06683	2.05756	0.97911	2.06401	0.91590	1.91824	0.96105	1.91050	1.12230	1.89631	1.28356	1.87696	1.17649	1.69507	1.11843	1.67959	1.16617	1.35322	1.02813	1.32613	1.75054	0.99975	1.64605	0.58824	1.46803	0.56244	0.92493	1.00749
Hypoxia_074M-WING	1.23583	2.10787	1.14552	2.07949	1.06296	2.08723	0.98298	1.95307	1.03071	1.93759	1.18165	1.91437	1.33774	1.87696	1.22035	1.69765	1.16230	1.69249	1.17778	1.38418	1.04748	1.38418	1.67572	0.98427	1.51963	0.60114	1.35451	0.61662	0.90687	1.09134
Hypoxia_077F-WING	0.63597	1.27840	0.70047	1.20874	0.70047	1.11198	0.87333	1.09779	0.87333	1.14940	0.84753	1.30936	0.83463	1.46545	1.04619	1.42159	1.07715	1.36225	1.33903	1.48351	1.40095	1.36741	1.54027	2.12206	1.98919	2.12464	2.03692	1.97887	1.75441	1.37515
Hypoxia_078M-WING	0.66306	1.27066	0.72627	1.20487	0.74175	1.12746	0.88752	1.10166	0.88494	1.14811	0.85914	1.30291	0.82689	1.43836	1.00878	1.38934	1.04619	1.34161	1.31710	1.46158	1.38676	1.34935	1.41772	2.03692	1.86277	2.03434	1.92598	1.88083	1.67443	1.34290
Hypoxia_079M-WING	0.63855	1.39966	0.66822	1.48351	0.66048	1.56349	0.77916	1.62928	0.80109	1.58671	0.83076	1.44352	0.85656	1.30291	1.01652	1.41127	1.02297	1.46287	1.32226	1.44223	1.34161	1.56607	1.71571	0.97137	2.07820	1.12488	2.06788	1.28227	1.60735	1.69378
Hypoxia_07M-WING	0.76497	1.07715	0.82431	1.01910	0.85140	0.93912	1.00233	0.93783	1.00233	0.98169	0.95718	1.13649	0.90816	1.27969	1.10811	1.25389	1.14294	1.20874	1.41256	1.37128	1.47706	1.26292	1.48867	2.00209	1.91824	2.05369	1.99435	1.90405	1.79053	1.27840
Hypoxia_080M-WING	0.81657	1.03071	0.78690	1.11972	0.72756	1.16617	0.78045	1.30936	0.81786	1.28743	0.94815	1.19197	1.06167	1.09908	1.11327	1.29130	1.08231	1.33774	1.33000	1.53898	1.25002	1.64992	1.91308	1.39450	2.11045	1.76731	1.99306	1.89760	1.36354	1.92469
Hypoxia_081F-WING	1.32871	2.04337	1.41772	1.98532	1.49641	1.99435	1.57252	1.85245	1.52479	1.83955	1.35193	1.82536	1.18810	1.81762	1.29259	1.61767	1.36096	1.60348	1.32097	1.27582	1.46545	1.26034	0.74562	0.89784	0.88623	0.48633	1.07715	0.47859	1.56865	0.94299
Hypoxia_083M-WING	0.71337	1.14165	0.71466	1.22938	0.67725	1.29001	0.73014	1.40095	0.76497	1.37515	0.85398	1.26163	0.91848	1.15456	1.02942	1.32871	1.01652	1.38160	1.26034	1.50028	1.19971	1.59961	1.73377	1.22938	2.01628	1.52221	1.93372	1.67701	1.38805	1.83439
Hypoxia_084M-WING	1.22164	0.88881	1.30033	0.91719	1.36225	0.88752	1.44223	0.99459	1.40740	1.01652	1.27324	1.05264	1.13391	1.09521	1.25647	1.23454	1.30936	1.23583	1.31581	1.51189	1.42804	1.50931	0.87591	1.89373	1.06554	2.23429	1.22293	2.21107	1.57639	1.74796
Hypoxia_085M-WING	1.83181	1.74796	1.75957	1.80730	1.73893	1.88212	1.59445	1.88212	1.60348	1.83697	1.64218	1.70023	1.68604	1.56349	1.49899	1.58929	1.47190	1.62799	1.21777	1.48351	1.15198	1.57510	1.13004	0.87849	0.74562	0.82431	0.66177	0.97524	0.87075	1.55446
Hypoxia_086M-WING	1.05393	0.86817	1.14811	0.88107	1.21777	0.84624	1.32355	0.93912	1.29388	0.97137	1.15714	1.04361	1.01910	1.10166	1.18036	1.25518	1.23454	1.24099	1.30420	1.51834	1.42804	1.47964	0.93654	2.07949	1.19326	2.36588	1.36354	2.31686	1.65250	1.75441
Hypoxia_087F-WING	0.95202	0.83076	0.87978	0.91461	0.79851	0.93267	0.78432	1.09263	0.83334	1.08360	0.98943	1.04490	1.15069	0.99201	1.12746	1.22035	1.07973	1.25776	1.23841	1.53640	1.11456	1.60864	1.94920	1.66927	2.01499	2.10916	1.84084	2.20978	1.13262	1.95565
Hypoxia_088M-WING	1.77247	1.98145	1.67314	2.00854	1.62025	2.06530	1.48738	2.01757	1.50673	1.97887	1.61122	1.86148	1.71571	1.74280	1.51189	1.68217	1.46287	1.71184	1.28356	1.44997	1.16488	1.51576	1.45255	0.80883	1.07844	0.61146	0.93912	0.72111	0.88494	1.38289
Hypoxia_089F-WING	0.63210	1.06167	0.70692	0.99459	0.73401	0.90429	0.89913	0.89526	0.89526	0.94944	0.84366	1.11327	0.78561	1.28098	1.03071	1.26163	1.06683	1.20745	1.38031	1.40482	1.46932	1.26808	1.48351	2.12335	1.96210	2.18656	2.06014	2.01628	1.80601	1.29001
Hypoxia_008M-WING	1.62670	0.79722	1.68217	0.87204	1.76602	0.87333	1.76602	1.02684	1.72216	1.02555	1.59316	0.97266	1.45900	0.94428	1.46158	1.15327	1.51189	1.18810	1.38160	1.42546	1.48480	1.47448	0.77658	1.58155	0.80754	1.91953	0.95331	1.98790	1.48351	1.79569
Hypoxia_090M-WING	1.75183	0.92493	1.79569	1.00749	1.87825	1.03845	1.83310	1.18939	1.79182	1.17262	1.65121	1.10424	1.52350	1.01523	1.48996	1.22938	1.52479	1.27066	1.29517	1.49770	1.38676	1.60090	0.63468	1.42933	0.47859	1.83181	0.62049	1.96597	1.30678	1.90921
Hypoxia_091M-WING	1.81762	1.09650	1.84084	1.18165	1.91179	1.23712	1.83955	1.38031	1.79827	1.34935	1.68991	1.24615	1.59445	1.13391	1.51189	1.33774	1.54027	1.38805	1.27969	1.56349	1.35967	1.66669	0.71208	1.39579	0.48246	1.73377	0.59211	1.86664	1.20229	1.95307
Hypoxia_092F-WING	1.10166	0.71466	1.20229	0.73659	1.27969	0.68886	1.39063	0.80625	1.35193	0.83592	1.19713	0.91074	1.04748	0.96621	1.21261	1.13520	1.27582	1.12488	1.32484	1.47448	1.47061	1.44610	0.88752	2.00209	1.12488	2.39426	1.30291	2.35556	1.66153	1.71958
Hypoxia_093F-WING	1.38418	0.79077	1.46803	0.84495	1.55833	0.82947	1.61509	0.97782	1.56736	0.98814	1.40611	0.98814	1.23712	0.98814	1.33258	1.19197	1.39450	1.21132	1.32226	1.52737	1.46416	1.57639	0.72498	1.82665	0.81399	2.26009	0.99975	2.29105	1.55317	1.87309
Hypoxia_094M-WING	1.64605	0.88623	1.55446	0.86172	1.50157	0.80754	1.37128	0.86817	1.39579	0.90687	1.49770	1.01265	1.61251	1.12101	1.41901	1.18810	1.37386	1.16359	1.21777	1.42546	1.10037	1.36096	1.41385	2.05369	1.05264	2.28589	0.90558	2.17624	0.81657	1.52737
Hypoxia_095F-WING	0.82302	1.12875	0.90687	1.07715	0.93396	0.99975	1.09521	1.00749	1.08618	1.05264	1.02297	1.19713	0.95202	1.32871	1.18423	1.34419	1.22035	1.29904	1.45513	1.47061	1.51060	1.35451	1.51189	2.13496	1.91695	2.23171	2.03563	2.08723	1.88341	1.42675
Hypoxia_096M-WING	0.63081	1.74022	0.63984	1.65379	0.60372	1.57897	0.70176	1.45771	0.73014	1.49641	0.80625	1.64218	0.87204	1.79053	1.00749	1.61638	1.00233	1.55704	1.31194	1.47835	1.26034	1.35064	1.83439	1.85632	2.16592	1.57123	2.09626	1.39192	1.51318	1.13391
Hypoxia_097M-WING	2.03434	1.39708	2.00596	1.48480	2.02918	1.56349	1.90276	1.64218	1.88341	1.59574	1.84987	1.44481	1.83955	1.30033	1.64347	1.40869	1.63960	1.47061	1.32742	1.46158	1.33258	1.59187	0.91719	0.96234	0.55212	1.13649	0.57276	1.31968	1.04490	1.73377
Hypoxia_099M-WING	1.63831	2.03950	1.54543	2.05369	1.48738	2.09497	1.36483	2.03176	1.39192	1.99951	1.50415	1.89502	1.62283	1.80343	1.43965	1.70023	1.38934	1.71700	1.26163	1.46029	1.15972	1.51963	1.51705	0.85914	1.20100	0.57018	1.04877	0.65016	0.89268	1.32097
